127
127
126
126
124
123
121
119
117
114
111
108
105
101
97
93
88
83
78
73
68
63
57
51
45
39
33
27
21
14
8
2
-5
-11
-17
-24
-30
-36
-42
-48
-54
-60
-65
-71
-76
-81
-86
-90
-95
-99
-103
-106
-110
-113
-116
-118
-120
-122
-124
-125
-126
-127
-127
-127
-127
-126
-125
-124
-122
-120
-118
-116
-113
-110
-106
-103
-99
-95
-90
-86
-81
-76
-71
-65
-60
-54
-48
-42
-36
-30
-24
-17
-11
-5
2
8
14
21
27
33
39
45
51
57
63
68
73
78
83
88
93
97
101
105
108
111
114
117
119
121
123
124
126
126
127
127
127
126
126
124
123
121
119
117
114
111
108
105
101
97
93
88
83
78
73
68
63
57
51
45
39
33
27
21
14
8
2
-5
-11
-17
-24
-30
-36
-42
-48
-54
-60
-65
-71
-76
-81
-86
-90
-95
-99
-103
-106
-110
-113
-116
-118
-120
-122
-124
-125
-126
-127
-127
-127
-127
-126
-125
-124
-122
-120
-118
-116
-113
-110
-106
-103
-99
-95
-90
-86
-81
-76
-71
-65
-60
-54
-48
-42
-36
-30
-24
-17
-11
-5
2
8
14
21
27
33
39
45
51
57
63
68
73
78
83
88
93
97
101
105
108
111
114
117
119
121
123
124
126
126
127
127
127
126
126
124
123
121
119
117
114
111
108
105
101
97
93
88
83
78
73
68
63
57
51
45
39
33
27
21
14
8
2
-5
-11
-17
-24
-30
-36
-42
-48
-54
-60
-65
-71
-76
-81
-86
-90
-95
-99
-103
-106
-110
-113
-116
-118
-120
-122
-124
-125
-126
-127
-127
-127
-127
-126
-125
-124
-122
-120
-118
-116
-113
-110
-106
-103
-99
-95
-90
-86
-81
-76
-71
-65
-60
-54
-48
-42
-36
-30
-24
-17
-11
-5
2
8
14
21
27
33
39
45
51
57
63
68
73
78
83
88
93
97
101
105
108
111
114
117
119
121
123
124
126
126
127
127
127
126
126
124
123
121
119
117
114
111
108
105
101
97
93
88
83
78
73
68
63
57
51
45
39
33
27
21
14
8
2
-5
-11
-17
-24
-30
-36
-42
-48
-54
-60
-65
-71
-76
-81
-86
-90
-95
-99
-103
-106
-110
-113
-116
-118
-120
-122
-124
-125
-126
-127
-127
-127
-127
-126
-125
-124
-122
-120
-118
-116
-113
-110
-106
-103
-99
-95
-90
-86
-81
-76
-71
-65
-60
-54
-48
-42
-36
-30
-24
-17
-11
-5
2
8
14
21
27
33
39
45
51
57
63
68
73
78
83
88
93
97
101
105
108
111
114
117
119
121
123
124
126
126
127
127
127
126
126
124
123
121
119
117
114
111
108
105
101
97
93
88
83
78
73
68
63
57
51
45
39
33
27
21
14
8
2
-5
-11
-17
-24
-30
-36
-42
-48
-54
-60
-65
-71
-76
-81
-86
-90
-95
-99
-103
-106
-110
-113
-116
-118
-120
-122
-124
-125
-126
-127
-127
-127
-127
-126
-125
-124
-122
-120
-118
-116
-113
-110
-106
-103
-99
-95
-90
-86
-81
-76
-71
-65
-60
-54
-48
-42
-36
-30
-24
-17
-11
-5
2
8
14
21
27
33
39
45
51
57
63
68
73
78
83
88
93
97
101
105
108
111
114
117
119
121
123
124
126
126
127
127
127
126
126
124
123
121
119
117
114
111
108
105
101
97
93
88
83
78
73
68
63
57
51
45
39
33
27
21
14
8
2
-5
-11
-17
-24
-30
-36
-42
-48
-54
-60
-65
-71
-76
-81
-86
-90
-95
-99
-103
-106
-110
-113
-116
-118
-120
-122
-124
-125
-126
-127
-127
-127
-127
-126
-125
-124
-122
-120
-118
-116
-113
-110
-106
-103
-99
-95
-90
-86
-81
-76
-71
-65
-60
-54
-48
-42
-36
-30
-24
-17
-11
-5
2
8
14
21
27
33
39
45
51
57
63
68
73
78
83
88
93
97
101
105
108
111
114
117
119
121
123
124
126
126
127
127
127
126
126
124
123
121
119
117
114
111
108
105
101
97
93
88
83
78
73
68
63
57
51
45
39
33
27
21
14
8
2
-5
-11
-17
-24
-30
-36
-42
-48
-54
-60
-65
-71
-76
-81
-86
-90
-95
-99
-103
-106
-110
-113
-116
-118
-120
-122
-124
-125
-126
-127
-127
-127
-127
-126
-125
-124
-122
-120
-118
-116
-113
-110
-106
-103
-99
-95
-90
-86
-81
-76
-71
-65
-60
-54
-48
-42
-36
-30
-24
-17
-11
-5
2
8
14
21
27
33
39
45
51
57
63
68
73
78
83
88
93
97
101
105
108
111
114
117
119
121
123
124
126
126
127
127
127
126
126
124
123
121
119
117
114
111
108
105
101
97
93
88
83
78
73
68
63
57
51
45
39
33
27
21
14
8
2
-5
-11
-17
-24
-30
-36
-42
-48
-54
-60
-65
-71
-76
-81
-86
-90
-95
-99
-103
-106
-110
-113
-116
-118
-120
-122
-124
-125
-126
-127
-127
-127
-127
-126
-125
-124
-122
-120
-118
-116
-113
-110
-106
-103
-99
-95
-90
-86
-81
-76
-71
-65
-60
-54
-48
-42
-36
-30
-24
-17
-11
-5
2
8
14
21
27
33
39
45
51
57
63
68
73
78
83
88
93
97
101
105
108
111
114
117
119
121
123
124
126
126
127
127
127
126
126
124
123
121
119
117
114
111
108
105
101
97
93
88
83
78
73
68
63
57
51
